35

3
3 2 6 
7 8 5 
4 1 9 
10
73 95 6 47 64 61 36 30 8 99 
71 28 10 9 5 20 22 25 37 74 
43 51 50 26 97 19 55 68 35 98 
92 2 89 3 45 86 49 85 13 88 
77 11 48 15 90 56 72 52 53 84 
59 91 94 81 96 46 41 40 12 1 
14 83 67 33 76 75 38 57 23 66 
21 60 17 29 18 44 78 4 27 54 
93 69 65 100 82 42 39 16 63 31 
62 87 24 70 58 34 80 7 79 32 
4
13 1 12 2 
6 9 5 16 
11 7 10 8 
14 15 3 4 
4
5 14 16 7 
6 3 11 1 
15 12 8 2 
13 10 9 4 
5
6 7 8 9 10 
11 12 13 14 15 
16 17 18 19 20 
21 22 23 24 25 
1 2 3 4 5 
4
9 5 2 8 
4 3 14 13 
11 6 1 15 
10 12 16 7 
10
83 99 36 5 44 85 29 8 16 1 
56 18 89 86 35 10 27 70 67 80 
54 4 9 92 53 60 77 63 73 57 
51 33 26 75 90 37 46 2 38 69 
62 64 94 22 78 79 20 74 24 21 
66 39 15 91 14 93 7 61 96 45 
42 58 84 43 81 19 23 88 25 12 
6 34 41 52 40 100 71 47 28 72 
32 17 98 82 30 59 97 87 49 31 
50 11 65 55 3 13 95 76 68 48 
4
2 3 4 5 
6 7 8 9 
10 11 12 13 
14 15 16 1 
2
2 3 
1 4 
5
13 14 15 16 17 
18 19 20 21 22 
23 24 25 1 2 
3 4 5 6 7 
8 9 10 11 12 
9
61 52 65 43 6 62 32 24 13 
55 19 15 66 63 20 75 46 25 
18 36 26 71 30 14 76 29 34 
45 78 3 4 70 58 53 28 54 
37 17 81 67 69 51 73 22 49 
5 39 50 31 80 7 21 1 74 
11 33 10 16 9 60 38 56 64 
40 27 41 12 48 35 72 42 57 
23 77 2 8 79 59 44 47 68 
1
1 
8
48 49 50 51 52 53 54 55 
56 57 58 59 60 61 62 63 
64 1 2 3 4 5 6 7 
8 9 10 11 12 13 14 15 
16 17 18 19 20 21 22 23 
24 25 26 27 28 29 30 31 
32 33 34 35 36 37 38 39 
40 41 42 43 44 45 46 47 
3
5 4 3 
8 1 6 
2 7 9 
8
31 32 33 34 35 36 37 38 
39 40 41 42 43 44 45 46 
47 48 49 50 51 52 53 54 
55 56 57 58 59 60 61 62 
63 64 1 2 3 4 5 6 
7 8 9 10 11 12 13 14 
15 16 17 18 19 20 21 22 
23 24 25 26 27 28 29 30 
9
36 61 75 31 41 51 44 71 42 
22 73 24 63 20 38 26 9 62 
45 59 58 13 40 16 55 7 68 
56 8 67 69 12 57 64 79 70 
34 30 35 52 14 54 10 5 74 
49 80 81 37 72 66 78 15 25 
46 6 50 48 4 39 76 53 43 
1 17 19 23 29 47 27 65 18 
2 3 21 11 33 32 60 77 28 
3
3 7 1 
9 6 5 
4 2 8 
5
1 4 2 19 12 
24 20 18 13 17 
9 6 16 8 5 
23 15 11 14 25 
7 10 3 21 22 
4
7 8 9 10 
11 12 13 14 
15 16 1 2 
3 4 5 6 
4
9 8 6 3 
7 16 4 14 
10 15 1 12 
5 11 13 2 
1
1 
4
1 15 13 16 
9 2 14 5 
11 12 3 7 
8 10 6 4 
10
97 71 44 8 93 68 14 38 10 25 
39 35 7 56 11 21 69 16 2 59 
37 57 49 32 9 26 85 5 28 72 
70 19 45 46 79 96 80 18 48 73 
88 75 89 62 20 86 95 50 15 77 
36 84 91 78 76 43 90 17 24 94 
66 40 67 29 3 6 31 60 65 30 
64 4 83 98 52 47 22 61 23 34 
99 33 1 100 87 92 82 12 54 63 
81 58 55 13 74 42 51 53 41 27 
7
5 6 7 8 9 10 11 
12 13 14 15 16 17 18 
19 20 21 22 23 24 25 
26 27 28 29 30 31 32 
33 34 35 36 37 38 39 
40 41 42 43 44 45 46 
47 48 49 1 2 3 4 
6
15 28 12 20 36 19 
6 11 29 8 34 10 
35 3 13 33 2 27 
23 9 17 26 14 30 
18 25 16 32 24 7 
4 5 1 21 31 22 
2
2 1 
3 4 
8
47 42 21 9 5 24 12 58 
48 62 53 3 57 20 60 44 
63 7 46 55 34 54 18 14 
50 49 19 8 37 56 1 17 
6 28 61 36 13 35 27 52 
40 38 59 39 43 32 30 26 
25 10 22 4 64 23 31 45 
41 16 11 29 51 33 2 15 
6
35 26 8 4 25 34 
20 2 3 23 6 13 
21 16 12 22 18 15 
11 19 1 5 30 29 
33 17 14 28 36 7 
10 24 31 27 32 9 
6
24 26 27 28 16 20 
10 8 25 13 30 35 
32 18 22 11 33 2 
34 12 9 6 23 7 
36 29 14 17 5 15 
3 21 4 31 19 1 
5
21 22 23 24 25 
1 2 3 4 5 
6 7 8 9 10 
11 12 13 14 15 
16 17 18 19 20 
3
1 7 8 
5 6 4 
9 2 3 
5
18 5 14 25 22 
8 19 24 9 20 
15 2 13 12 4 
17 11 23 6 21 
3 10 1 16 7 
9
28 29 30 31 32 33 34 35 36 
37 38 39 40 41 42 43 44 45 
46 47 48 49 50 51 52 53 54 
55 56 57 58 59 60 61 62 63 
64 65 66 67 68 69 70 71 72 
73 74 75 76 77 78 79 80 81 
1 2 3 4 5 6 7 8 9 
10 11 12 13 14 15 16 17 18 
19 20 21 22 23 24 25 26 27 
1
1 
7
32 38 37 11 18 40 30 
48 24 13 33 10 39 16 
9 45 25 36 12 15 41 
5 17 19 47 1 29 46 
23 4 28 43 7 8 20 
3 34 14 42 35 22 27 
31 2 49 44 6 26 21 
