6
10
20 29 47 51 43 47 13 18 16 42 8 13 29 61 36 82 9 20 26 46 
5
95
26
57
99
50

25
9 101 13 111 112 236 60 70 83 141 14 138 13 64 122 191 34 110 65 99 36 42 46 165 81 168 121 151 40 151 77 135 79 170 2 117 89 165 10 130 46 76 106 230 96 162 44 74 43 104 
25
219
244
79
113
104
241
11
39
86
86
156
173
110
221
32
166
69
148
19
170
43
31
155
198
26

50
1 500 500 500 125 301 161 399 19 125 233 284 14 99 185 279 136 333 174 318 15 146 82 97 110 354 138 162 81 92 44 287 13 144 201 297 221 336 88 177 105 191 105 346 162 224 23 43 111 312 177 186 48 224 97 205 58 264 193 442 241 244 195 336 56 61 168 261 122 272 95 206 91 143 124 333 125 234 83 309 227 267 106 117 201 237 3 146 144 215 66 223 40 139 188 312 174 357 128 171 
50
308
27
266
174
394
489
144
93
491
46
8
37
157
239
423
232
467
154
267
20
477
87
377
284
256
53
150
386
20
488
181
393
404
326
91
395
340
49
189
351
194
442
323
216
331
248
323
379
216
347

15
36 36 12 12 156 156 19 63 98 164 136 197 70 122 188 383 165 272 134 222 59 201 190 248 177 304 106 129 146 147 
8
36
156
299
186
355
277
42
156

20
108 194 158 297 123 140 173 270 94 216 144 308 186 216 236 308 35 202 85 301 57 241 107 320 141 324 191 362 140 164 190 282 60 205 110 302 58 177 108 288 
15
368
1
274
394
247
159
174
145
237
86
108
192
191
111
109

15
222 421 5 222 27 31 93 194 3 86 102 141 132 153 190 235 124 178 199 278 11 98 194 362 167 327 11 35 162 336 
8
222
191
398
242
232
285
363
325

